m01ae  177.3   500.4   304.0    297.0
m02ae  132.0   382.0   198.0    240.0
m03ae  118.0   462.0   162.0    181.0
m04ae   96.0   408.0   130.0    169.0
m06ae   71.0   325.0   113.0    134.0
m07ae   70.0   324.0   140.0    138.0
m08ae   95.0   384.0   128.0    141.0
m09ae  107.0   446.0   166.0    206.0
m10ae   90.0   372.0   132.0    155.0
m11ae  123.0   442.0   180.0    173.0
m13ae   90.0   369.0   179.0    160.0
m14ae   65.0   337.0   144.0    137.0
m16ae   70.0   282.0   120.0    159.0
m17ae  101.0   358.0   164.0    168.0
m18ae   83.0   347.0   134.0    128.0
m19ae  133.0   377.0   192.0    163.0
m20ae   92.0   378.0   152.0    168.0
m21ae  102.0   354.0   170.0    176.0
m22ae  173.0   422.0   222.0    240.0
m23ae  135.0   409.0   193.0    216.0
m24ae   83.0   353.0   110.0    117.0
m25ae  101.0   402.0   214.0    222.0
m26ae   70.0   329.0   152.0    139.0
m27ae  101.0   358.0   162.0    163.0
m28ae  122.0   334.0   147.0    177.0
m29ae   96.0   337.0   175.0    184.0
m30ae  105.0   407.0   181.0    158.0
m31ae  121.0   329.0   135.0    157.0
m32ae   71.0   279.0   102.0     98.0
m33ae   70.0   398.0   149.0    109.0
m34ae   93.0   360.0   141.0    120.0
m35ae   96.0   422.0   168.0    137.0
m36ae  102.0   372.0   138.0    163.0
m37ae   73.0   280.0   121.0     94.0
m38ae   72.0   285.0    95.0    105.0
m39ae   76.0   387.0   106.0    130.0
m40ae   80.0   353.0   129.0    164.0
m41ae   78.0   308.0   128.0    144.0
m42ae  189.0   523.0   243.0    268.0
m44ae  166.0   442.0   199.0    216.0
m45ae  105.0   388.0   192.0    186.0
m47ae   84.0   376.0   125.0    137.0
m48ae   75.0   320.0    92.0    131.0
m49ae  106.0   372.0   166.0    160.0
m50ae  111.0   400.0   137.0    160.0
m01ah  204.0   520.2   254.0    268.0
m02ah  136.0   385.0   172.0    218.0
m03ah  100.0   473.0   220.0    185.0
m04ah   98.0   400.0   214.0    168.0
m06ah   82.0   312.0   145.0    187.0
m07ah   86.0   351.0   129.0    128.0
m08ah  107.0   409.0   159.0    162.0
m09ah  132.0   462.0   216.0    231.0
m10ah   97.0   368.0   152.0    161.0
m11ah  110.0   431.0   229.0    190.0
m13ah   73.0   329.0   182.0    152.0
m14ah  109.0   387.0   165.0    204.0
m16ah   84.0   276.0   118.0    126.0
m17ah  197.0   440.0   288.0    277.0
m18ah  117.0   459.0   154.0    179.0
m19ah  141.0   410.0   267.0    236.0
m20ah   82.0   354.0   144.0    168.0
m21ah  143.0   349.0   176.0    174.0
m22ah  167.0   454.0   273.0    240.0
m23ah  112.0   390.0   175.0    198.0
m24ah  108.0   366.0   151.0    172.0
m25ah   92.0   348.0   216.0    188.0
m26ah   53.0   324.0   137.0    185.0
m27ah   94.0   306.0   124.0    137.0
m28ah  154.0   308.0   178.0    186.0
m29ah  113.0   333.0   182.0    203.0
m30ah   92.0   382.0   163.0    174.0
m31ah  143.0   327.0   158.0    160.0
m32ah   86.0   302.0   110.0    110.0
m33ah   73.0   345.0   158.0    158.0
m34ah  114.0   364.0   179.0    164.0
m35ah   93.0   362.0   145.0    152.0
m36ah   96.0   348.0   138.0    163.0
m37ah   60.0   279.0    93.0     91.0
m38ah   82.0   274.0   130.0    146.0
m39ah   85.0   372.0   204.0    232.0
m40ah  109.0   363.0   169.0    163.0
m41ah   78.0   291.0   128.0    144.0
m42ah  114.0   406.0   177.0    179.0
m44ah  113.0   399.0   215.0    167.0
m45ah   92.0   377.0    99.0    142.0
m47ah  115.0   416.0   141.0    164.0
m48ah   92.0   299.0   128.0    177.0
m49ah   62.0   332.0   103.0    117.0
m50ah   95.0   345.0   136.0    122.0
m01aw  210.1   540.4   291.0    289.0
m02aw   99.0   388.0   166.0    184.0
m03aw  153.0   508.0   198.0    232.0
m04aw  124.0   471.0   206.0    227.0
m06aw   73.0   323.0   169.0    150.0
m07aw  109.0   401.0   163.0    172.0
m08aw   81.0   375.0   109.0    108.0
m09aw  166.0   508.0   241.0    220.0
m10aw  176.0   472.0   288.0    328.0
m11aw  143.0   506.0   239.0    231.0
m13aw  107.0   390.0   220.0    240.0
m14aw   88.0   336.0   162.0    143.0
m16aw   68.0   291.0   124.0    120.0
m17aw  116.0   394.0   179.0    181.0
m18aw  129.0   449.0   225.0    222.0
m19aw  114.0   388.0   142.0    158.0
m20aw   75.0   362.0   125.0    137.0
m21aw   98.0   351.0   161.0    170.0
m22aw  136.0   452.0   173.0    230.0
m23aw  134.0   426.0   253.0    251.0
m24aw  134.0   382.0   186.0    180.0
m25aw  120.0   369.0   169.0    202.0
m26aw  107.0   389.0   187.0    193.0
m27aw   96.0   267.0   168.0    156.0
m28aw  117.0   339.0   135.0    154.0
m29aw  103.0   329.0   161.0    179.0
m30aw  107.0   451.0   160.0    180.0
m31aw  126.0   322.0   168.0    171.0
m32aw   95.0   290.0   176.0    107.0
m33aw   89.0   357.0   136.0    135.0
m34aw  120.0   359.0   159.0    221.0
m35aw   99.0   403.0   137.0    210.0
m36aw  103.0   403.0   165.0    149.0
m37aw   72.0   274.0   105.0    111.0
m38aw   91.0   320.0   153.0    156.0
m39aw  114.0   310.0   149.0    168.0
m40aw   82.0   363.0   144.0    112.0
m41aw   82.0   331.0   170.0    181.0
m42aw  178.0   506.0   279.0    239.0
m44aw   74.0   375.0   103.0    167.0
m45aw  120.0   413.0   223.0    287.0
m47aw  102.0   402.0   169.0    178.0
m48aw   90.0   332.0   119.0    175.0
m49aw   92.0   385.0   201.0    240.0
m50aw   83.0   360.0   138.0    173.0
m01eh  172.8   438.3   226.0    257.0
m02eh  144.0   311.0   164.0    176.0
m03eh  154.0   438.0   279.0    256.0
m04eh   78.0   307.0   151.0    209.0
m06eh   63.0   240.0   119.0    122.0
m07eh   88.0   285.0   128.0    192.0
m08eh   97.0   336.0   122.0    144.0
m09eh  127.0   366.0   212.0    210.0
m10eh  117.0   303.0   150.0    152.0
m11eh  131.0   392.0   237.0    270.0
m13eh   82.0   285.0   144.0    124.0
m14eh   80.0   311.0   128.0    139.0
m16eh   58.0   214.0    85.0     84.0
m17eh   84.0   265.0   190.0    189.0
m18eh  142.0   312.0   170.0    188.0
m19eh   98.0   283.0   110.0    136.0
m20eh   58.0   257.0   135.0    157.0
m21eh   65.0   203.0   118.0    112.0
m22eh  139.0   323.0   166.0    212.0
m23eh   97.0   324.0   144.0    161.0
m24eh  169.0   322.0   213.0    232.0
m25eh   77.0   267.0   124.0    121.0
m26eh  124.0   331.0   144.0    152.0
m27eh   92.0   307.0   131.0    133.0
m28eh  111.0   236.0   156.0    144.0
m29eh  116.0   293.0   175.0    192.0
m30eh   78.0   275.0   127.0    134.0
m31eh   94.0   240.0   137.0    149.0
m32eh   66.0   232.0    96.0     96.0
m33eh   73.0   278.0   128.0    138.0
m34eh   93.0   278.0   120.0    166.0
m35eh   93.0   337.0   149.0    161.0
m36eh   74.0   291.0   108.0    112.0
m37eh   61.0   200.0    86.0     83.0
m38eh   81.0   239.0   119.0     99.0
m39eh   86.0   287.0   183.0    179.0
m40eh   72.0   276.0   166.0    158.0
m41eh   81.0   269.0   158.0    155.0
m42eh  107.0   314.0   211.0    144.0
m44eh   75.0   275.0   104.0    128.0
m45eh  100.0   300.0   112.0    118.0
m47eh   88.0   297.0   168.0    186.0
m48eh   76.0   274.0   181.0    189.0
m49eh   78.0   250.0   127.0    144.0
m50eh   62.0   240.0    87.0    108.0
m01ei  165.3   484.1   224.0    243.0
m02ei  231.0   492.0   256.0    272.0
m03ei  110.0   463.0   167.0    189.0
m04ei   89.0   342.0   128.0    144.0
m06ei   50.0   291.0    83.0     83.0
m07ei   73.0   354.0    96.0    120.0
m08ei   68.0   396.0    88.0    104.0
m09ei  105.0   423.0   139.0    158.0
m10ei   87.0   360.0   180.0    171.0
m11ei   76.0   436.0   136.0    163.0
m13ei   94.0   337.0   217.0    172.0
m14ei  110.0   366.0   148.0    159.0
m16ei   57.0   275.0    80.0     88.0
m17ei   68.0   327.0   152.0    145.0
m18ei   86.0   424.0   193.0    165.0
m19ei  121.0   367.0   151.0    164.0
m20ei   76.0   313.0   104.0    120.0
m21ei   93.0   289.0   248.0    183.0
m22ei  128.0   379.0   174.0    211.0
m23ei   95.0   406.0   168.0    199.0
m24ei   89.0   363.0   135.0    156.0
m25ei   62.0   329.0    96.0    120.0
m26ei   76.0   338.0   104.0    120.0
m27ei   73.0   325.0   126.0    152.0
m28ei   87.0   318.0   184.0    222.0
m29ei  106.0   317.0   240.0    223.0
m30ei  127.0   465.0   289.0    290.0
m31ei   74.0   313.0   161.0    135.0
m32ei   90.0   309.0   126.0    104.0
m33ei   69.0   380.0    88.0     96.0
m34ei   99.0   360.0   126.0    162.0
m35ei   85.0   397.0   204.0    167.0
m36ei   94.0   363.0   162.0    131.0
m37ei   78.0   271.0    88.0     96.0
m38ei   70.0   325.0   108.0    107.0
m39ei  116.0   402.0   249.0    208.0
m40ei   74.0   304.0    88.0    104.0
m41ei   91.0   308.0   128.0    145.0
m42ei   99.0   418.0   120.0    146.0
m44ei   79.0   348.0   120.0    128.0
m45ei   90.0   345.0   112.0    128.0
m47ei   78.0   360.0    88.0     96.0
m48ei   65.0   312.0    78.0     90.0
m49ei   52.0   281.0   153.0    171.0
m50ei   69.0   325.0    86.0    115.0
m01er  209.9   533.5   274.0    329.0
m02er  155.0   451.0   271.0    255.0
m03er  107.0   475.0   160.0    245.0
m04er  133.0   465.0   332.0    289.0
m06er   69.0   286.0   172.0    142.0
m07er  114.0   386.0   180.0    191.0
m08er   86.0   368.0   141.0    162.0
m09er  164.0   506.0   218.0    218.0
m10er   90.0   339.0   149.0    149.0
m11er   94.0   434.0   268.0    242.0
m13er   92.0   360.0   204.0    202.0
m14er   95.0   382.0   197.0    227.0
m16er  148.0   352.0   242.0    231.0
m17er  105.0   361.0   174.0    185.0
m18er   67.0   365.0   198.0    193.0
m19er   98.0   341.0   120.0    130.0
m20er   68.0   424.0   222.0    187.0
m21er   82.0   267.0   147.0    126.0
m22er  143.0   399.0   193.0    217.0
m23er   96.0   370.0   140.0    184.0
m24er  105.0   363.0   144.0    164.0
m25er   77.0   337.0   129.0    120.0
m26er   97.0   349.0   130.0    251.0
m27er   79.0   310.0   178.0    207.0
m28er   84.0   285.0   122.0    125.0
m29er   79.0   285.0   193.0    215.0
m30er  111.0   421.0   197.0    183.0
m31er   97.0   307.0   145.0    115.0
m32er  122.0   324.0   222.0    241.0
m33er   61.0   331.0   176.0    169.0
m34er  137.0   389.0   279.0    278.0
m35er   85.0   356.0   216.0    252.0
m36er   92.0   382.0   168.0    168.0
m37er   72.0   284.0   144.0    203.0
m38er   81.0   287.0   143.0    153.0
m39er   94.0   354.0   162.0    151.0
m40er   93.0   359.0   124.0    120.0
m41er   87.0   301.0   179.0    187.0
m42er  126.0   452.0   248.0    288.0
m44er   69.0   321.0   120.0    144.0
m45er   96.0   351.0   144.0    160.0
m47er  108.0   367.0   193.0    208.0
m48er   75.0   323.0   136.0    164.0
m49er   77.0   315.0   207.0    172.0
m50er  103.0   361.0   168.0    196.0
m01ih  177.9   445.7   216.0    232.0
m02ih  174.0   357.0   208.0    216.0
m03ih  110.0   372.0   200.0    148.0
m04ih   96.0   323.0   111.0    121.0
m06ih   68.0   227.0    92.0    106.0
m07ih   69.0   259.0    88.0    104.0
m08ih   96.0   331.0   155.0    130.0
m09ih  162.0   383.0   212.0    203.0
m10ih  111.0   297.0   139.0    152.0
m11ih  124.0   425.0   208.0    232.0
m13ih  111.0   275.0   120.0    128.0
m14ih   76.0   325.0    95.0    112.0
m16ih   59.0   193.0    94.0     87.0
m17ih   86.0   255.0   120.0    117.0
m18ih  110.0   289.0   162.0    193.0
m19ih  144.0   338.0   176.0    168.0
m20ih   86.0   307.0   112.0    129.0
m21ih   84.0   229.0    96.0    112.0
m22ih  135.0   355.0   160.0    167.0
m23ih   67.0   274.0   107.0    139.0
m24ih   98.0   300.0   144.0    144.0
m25ih   70.0   246.0    92.0     78.0
m26ih  119.0   316.0   167.0    142.0
m27ih  101.0   289.0   160.0    168.0
m28ih   96.0   256.0   112.0    129.0
m29ih  106.0   251.0   144.0    160.0
m30ih  108.0   286.0   140.0    145.0
m31ih  102.0   236.0   128.0    142.0
m32ih   86.0   240.0   109.0    112.0
m33ih   70.0   274.0    88.0    104.0
m34ih  103.0   275.0   121.0    138.0
m35ih   77.0   303.0   104.0    112.0
m36ih  120.0   294.0   137.0    146.0
m37ih   60.0   207.0    83.0     81.0
m38ih   79.0   221.0    94.0     94.0
m39ih   91.0   259.0   118.0    116.0
m40ih   98.0   292.0   144.0    168.0
m41ih   62.0   247.0    97.0     96.0
m42ih  143.0   334.0   191.0    217.0
m44ih   94.0   298.0   111.0    130.0
m45ih  108.0   332.0   160.0    184.0
m47ih   43.0   287.0    64.0     80.0
m48ih   51.0   233.0    92.0     67.0
m49ih   72.0   249.0   104.0    120.0
m50ih   63.0   261.0    74.0     95.0
m01iy  160.8   499.9   218.0    285.0
m02iy  187.0   423.0   240.0    258.0
m03iy  153.0   468.0   204.0    272.0
m04iy   73.0   313.0   192.0    189.0
m06iy   79.0   320.0   220.0    214.0
m07iy  100.0   359.0   156.0    173.0
m08iy   91.0   389.0   131.0    192.0
m09iy  141.0   482.0   229.0    262.0
m10iy  206.0   429.0   262.0    239.0
m11iy  235.0   558.0   372.0    414.0
m13iy  115.0   344.0   251.0    280.0
m14iy   90.0   346.0   137.0    157.0
m16iy   85.0   264.0   141.0    140.0
m17iy   79.0   340.0   179.0    188.0
m18iy   63.0   336.0   141.0    132.0
m19iy  128.0   360.0   220.0    194.0
m20iy   89.0   352.0   217.0    202.0
m21iy   88.0   241.0   142.0    140.0
m22iy  147.0   398.0   271.0    266.0
m23iy  162.0   427.0   193.0    202.0
m24iy  104.0   345.0   156.0    150.0
m25iy   91.0   359.0   177.0    167.0
m26iy   89.0   360.0   211.0    210.0
m27iy  118.0   336.0   277.0    278.0
m28iy  119.0   313.0   182.0    155.0
m29iy  192.0   353.0   266.0    243.0
m30iy  140.0   422.0   176.0    198.0
m31iy   89.0   291.0   168.0    174.0
m32iy  126.0   331.0   247.0    246.0
m33iy   80.0   334.0   146.0    176.0
m34iy  154.0   354.0   201.0    268.0
m35iy   66.0   334.0   135.0    182.0
m36iy  117.0   336.0   250.0    218.0
m37iy   81.0   276.0   152.0    152.0
m38iy   96.0   283.0   139.0    125.0
m39iy  190.0   425.0   255.0    256.0
m40iy  146.0   377.0   184.0    187.0
m41iy   82.0   303.0   187.0    189.0
m42iy  110.0   396.0   184.0    160.0
m44iy  123.0   414.0   154.0    176.0
m45iy   92.0   326.0   127.0    237.0
m47iy   87.0   315.0   180.0    174.0
m48iy   85.0   301.0   189.0    167.0
m49iy   96.0   342.0   255.0    262.0
m50iy  161.0   389.0   288.0    325.0
m01oa  179.3   547.9   283.0    325.0
m02oa  158.0   419.0   206.0    187.0
m03oa  122.0   539.0   272.0    206.0
m04oa  132.0   432.0   259.0    257.0
m06oa   61.0   324.0   152.0    179.0
m07oa   78.0   344.0   129.0    168.0
m08oa   79.0   364.0   172.0    178.0
m09oa  114.0   454.0   193.0    224.0
m10oa  117.0   386.0   195.0    157.0
m11oa  129.0   503.0   179.0    221.0
m13oa  136.0   404.0   174.0    216.0
m14oa  119.0   388.0   184.0    179.0
m16oa   68.0   282.0   163.0    162.0
m17oa  115.0   387.0   226.0    218.0
m18oa  140.0   477.0   323.0    327.0
m19oa  120.0   367.0   176.0    178.0
m20oa   94.0   413.0   136.0    113.0
m21oa  120.0   324.0   202.0    150.0
m22oa  112.0   399.0   200.0    174.0
m23oa  138.0   417.0   261.0    264.0
m24oa   78.0   311.0   116.0    152.0
m25oa   72.0   333.0   114.0    104.0
m26oa  104.0   379.0   245.0    253.0
m27oa   99.0   345.0   113.0    141.0
m28oa  101.0   314.0   125.0    141.0
m29oa   92.0   330.0   160.0    176.0
m30oa  158.0   459.0   355.0    341.0
m31oa   72.0   247.0    86.0     94.0
m32oa   66.0   264.0   172.0    161.0
m33oa  111.0   371.0   201.0    216.0
m34oa  193.0   436.0   229.0    246.0
m35oa   85.0   402.0   130.0    161.0
m36oa  104.0   334.0   220.0    215.0
m37oa   45.0   256.0   160.0    185.0
m38oa   81.0   290.0    98.0     98.0
m39oa   93.0   345.0   216.0    208.0
m40oa   98.0   354.0   152.0    168.0
m41oa   76.0   305.0   108.0    129.0
m42oa  107.0   396.0   191.0    127.0
m44oa  113.0   395.0   136.0    144.0
m45oa  101.0   348.0   136.0    142.0
m47oa  114.0   407.0   261.0    277.0
m48oa   82.0   314.0   217.0    216.0
m49oa   76.0   264.0   143.0    128.0
m50oa   92.0   343.0   104.0    123.0
m01oo  179.7   434.6   258.0    266.0
m02oo  161.0   335.0   208.0    190.0
m03oo  120.0   395.0   172.0    187.0
m04oo   84.0   294.0   128.0    120.0
m06oo   51.0   198.0    86.0     93.0
m07oo  100.0   297.0   145.0    149.0
m08oo   93.0   334.0   151.0    163.0
m09oo  251.0   489.0   274.0    280.0
m10oo  148.0   344.0   193.0    196.0
m11oo   85.0   360.0   168.0    175.0
m13oo   83.0   291.0   155.0    131.0
m14oo   92.0   295.0   132.0    121.0
m16oo   63.0   213.0    88.0     92.0
m17oo  115.0   293.0   182.0    176.0
m18oo   68.0   234.0   112.0    122.0
m19oo  113.0   335.0   134.0    150.0
m20oo   96.0   333.0   128.0    134.0
m21oo   72.0   219.0    87.0     96.0
m22oo  142.0   315.0   192.0    199.0
m23oo  118.0   322.0   167.0    167.0
m24oo   93.0   303.0   124.0    140.0
m25oo   56.0   272.0    97.0     99.0
m26oo   83.0   291.0   119.0    104.0
m27oo  126.0   299.0   139.0    146.0
m28oo  125.0   271.0   144.0    144.0
m29oo  133.0   321.0   180.0    224.0
m30oo  140.0   331.0   168.0    169.0
m31oo  110.0   221.0   136.0    144.0
m32oo   64.0   198.0    94.0     86.0
m33oo   70.0   250.0   110.0    105.0
m34oo  143.0   303.0   163.0    169.0
m35oo   75.0   305.0   176.0    209.0
m36oo   81.0   266.0   123.0    112.0
m37oo   66.0   225.0    75.0     88.0
m38oo   74.0   227.0    90.0     98.0
m39oo   82.0   278.0   155.0    120.0
m40oo  112.0   280.0   127.0    147.0
m41oo   91.0   267.0   120.0    102.0
m42oo  104.0   331.0   155.0    152.0
m44oo   72.0   292.0    88.0     96.0
m45oo  115.0   301.0   176.0    189.0
m47oo   82.0   301.0   161.0    169.0
m48oo   88.0   255.0   149.0    156.0
m49oo   73.0   251.0   102.0    104.0
m50oo  141.0   346.0   188.0    196.0
m01uh  169.1   461.0   231.0    281.0
m02uh  152.0   325.0   183.0    196.0
m03uh  172.0   469.0   264.0    287.0
m04uh   91.0   302.0   120.0    128.0
m06uh   66.0   235.0    91.0    120.0
m07uh   87.0   272.0   118.0    127.0
m08uh   98.0   340.0   128.0    144.0
m09uh  102.0   305.0   120.0    130.0
m10uh  102.0   285.0   120.0    139.0
m11uh   75.0   370.0   204.0    189.0
m13uh   76.0   248.0   106.0     90.0
m14uh  109.0   336.0   140.0    145.0
m16uh   66.0   212.0    94.0     94.0
m17uh   98.0   274.0   133.0    145.0
m18uh   77.0   270.0   128.0    144.0
m19uh  131.0   314.0   164.0    168.0
m20uh   83.0   272.0   113.0    119.0
m21uh  109.0   248.0   135.0    153.0
m22uh  199.0   425.0   235.0    243.0
m23uh   99.0   301.0   160.0    171.0
m24uh  108.0   309.0   174.0    195.0
m25uh   85.0   297.0   115.0    125.0
m26uh  105.0   335.0   165.0    184.0
m27uh  110.0   276.0   123.0    126.0
m28uh  120.0   288.0   144.0    152.0
m29uh  121.0   266.0   152.0    168.0
m30uh  115.0   314.0   180.0    173.0
m31uh  124.0   252.0   139.0    144.0
m32uh  111.0   254.0   147.0    154.0
m33uh   71.0   275.0   110.0    130.0
m34uh   78.0   255.0    98.0    135.0
m35uh   80.0   299.0   139.0    151.0
m36uh  115.0   286.0   158.0    142.0
m37uh   82.0   251.0   100.0    113.0
m38uh   65.0   220.0    88.0    104.0
m39uh   66.0   259.0    94.0     86.0
m40uh   79.0   280.0   112.0    128.0
m41uh  101.0   282.0   123.0    145.0
m42uh  144.0   386.0   178.0    170.0
m44uh   96.0   304.0   125.0    147.0
m45uh  134.0   328.0   174.0    178.0
m47uh  109.0   307.0   144.0    179.0
m48uh   81.0   269.0   154.0    156.0
m49uh   78.0   244.0    83.0     89.0
m50uh   82.0   258.0   114.0    110.0
m01uw  184.4   465.3   228.0    233.0
m02uw  151.0   408.0   212.0    239.0
m03uw   84.0   504.0   266.0    235.0
m04uw   72.0   360.0   112.0    136.0
m06uw   65.0   296.0   215.0    181.0
m07uw   88.0   319.0   172.0    148.0
m08uw   69.0   308.0   168.0    155.0
m09uw   78.0   374.0   122.0    153.0
m10uw  111.0   348.0   210.0    201.0
m11uw  135.0   462.0   325.0    220.0
m13uw  132.0   372.0   170.0    170.0
m14uw  100.0   360.0   241.0    216.0
m16uw  161.0   344.0   243.0    216.0
m17uw   71.0   281.0   119.0    160.0
m18uw  129.0   393.0   212.0    204.0
m19uw  170.0   396.0   183.0    208.0
m20uw   80.0   364.0   230.0    231.0
m21uw   92.0   288.0   190.0    180.0
m22uw  159.0   434.0   192.0    310.0
m23uw   87.0   317.0   160.0    202.0
m24uw   96.0   335.0   125.0    161.0
m25uw   83.0   287.0   130.0    123.0
m26uw   96.0   321.0   175.0    144.0
m27uw   76.0   283.0   176.0    166.0
m28uw  126.0   323.0   156.0    161.0
m29uw  153.0   338.0   175.0    178.0
m30uw  123.0   411.0   257.0    218.0
m31uw   82.0   253.0   177.0    172.0
m32uw   96.0   281.0   160.0    152.0
m33uw   62.0   303.0   116.0    136.0
m34uw  116.0   360.0   178.0    216.0
m35uw   87.0   341.0   175.0    172.0
m36uw  130.0   395.0   181.0    149.0
m37uw  103.0   296.0   169.0    136.0
m38uw   73.0   268.0   114.0    129.0
m39uw  129.0   379.0   144.0    156.0
m40uw   92.0   297.0   196.0    160.0
m41uw   89.0   289.0   189.0    208.0
m42uw   79.0   335.0   128.0    144.0
m44uw   38.0   257.0   155.0    159.0
m45uw  122.0   367.0   261.0    244.0
m47uw   83.0   333.0   112.0    138.0
m48uw   86.0   298.0   184.0    165.0
m49uw  106.0   231.0   118.0    127.0
m50uw   82.0   304.0   136.0    127.0