w01ae   75.0   380.0   128.0    176.0
w01ah   97.0   362.0   120.0    129.0
w01aw   91.0   396.0   152.0    132.0
w01eh   96.0   313.0   121.0    132.0
w01ei   85.0   324.0    80.0     96.0
w01er   86.0   386.0   128.0    136.0
w01ih   75.0   251.0   128.0    127.0
w01iy   69.0   301.0   208.0    210.0
w01oa   82.0   384.0   152.0    184.0
w01oo  147.0   385.0   203.0    187.0
w01uh   58.0   304.0    81.0     91.0
w01uw  100.0   381.0   206.0    211.0
w02ae  114.0   600.0   170.0    176.0
w02ah  132.0   575.0   268.0    279.0
w02aw  132.0   596.0   240.0    235.0
w02eh  158.0   590.0   312.0    328.0
w02ei  141.0   594.0   247.0    268.0
w02er  149.0   567.0   199.0    224.0
w02ih  110.0   466.0   174.0    195.0
w02iy  174.0   554.0   325.0    335.0
w02oa  103.0   525.0   368.0    341.0
w02oo  204.0   594.0   324.0    327.0
w02uh  180.0   525.0   216.0    248.0
w02uw  151.0   560.0   377.0    333.0
w03ae   93.0   386.0   121.0    136.0
w03ah   88.0   345.0   131.0    138.0
w03aw  101.0   427.0   200.0    203.0
w03eh   62.0   264.0   126.0    162.0
w03ei   92.0   355.0    96.0    104.0
w03er  116.0   394.0   232.0    247.0
w03ih   54.0   251.0    86.0     98.0
w03iy   94.0   383.0   238.0    256.0
w03oa   98.0   372.0   144.0    152.0
w03oo   88.0   353.0   136.0    163.0
w03uh   88.0   294.0   101.0    109.0
w03uw   94.0   365.0   271.0    255.0
w04ae   75.0   428.0   102.0    122.0
w04ah  110.0   460.0   251.0    249.0
w04aw  126.0   505.0   336.0    284.0
w04eh   96.0   411.0   307.0    264.0
w04ei  101.0   538.0   136.0    144.0
w04er  101.0   451.0   196.0    196.0
w04ih   91.0   447.0   180.0    200.0
w04iy  180.0   544.0   398.0    393.0
w04oa  106.0   516.0   179.0    194.0
w04oo  188.0   467.0   216.0    248.0
w04uh   84.0   415.0   184.0    188.0
w04uw   97.0   527.0   370.0    327.0
w05ae  143.0   481.0   192.0    200.0
w05ah  126.0   491.0   178.0    189.0
w05aw  120.0   483.0   233.0    214.0
w05eh  102.0   362.0   277.0    223.0
w05ei  124.0   426.0   256.0    223.0
w05er  105.0   422.0   226.0    166.0
w05ih  178.0   444.0   216.0    220.0
w05iy  141.0   446.0   249.0    277.0
w05oa  145.0   521.0   325.0    348.0
w05oo  139.0   408.0   190.0    197.0
w05uh  128.0   418.0   168.0    199.0
w05uw  119.0   447.0   218.0    197.0
w06ae   94.0   456.0   136.0    168.0
w06ah   95.0   424.0   195.0    187.0
w06aw   85.0   448.0   259.0    254.0
w06eh   88.0   368.0   166.0    174.0
w06ei   99.0   417.0   163.0    240.0
w06er   97.0   439.0   147.0    173.0
w06ih  123.0   389.0   235.0    202.0
w06iy   86.0   418.0   236.0    243.0
w06oa  128.0   481.0   214.0    247.0
w06oo  142.0   425.0   187.0    192.0
w06uh  123.0   356.0   192.0    200.0
w06uw   97.0   408.0   186.0    240.0
w07ae  161.0   474.0   248.0    256.0
w07ah  120.0   426.0   264.0    242.0
w07aw  117.0   431.0   224.0    240.0
w07eh  200.0   438.0   288.0    304.0
w07ei  106.0   436.0   216.0    240.0
w07er  132.0   452.0   336.0    192.0
w07ih  105.0   390.0   160.0    152.0
w07iy  148.0   429.0   248.0    264.0
w07oa   96.0   358.0   145.0    141.0
w07oo  135.0   362.0   208.0    232.0
w07uh  190.0   399.0   224.0    252.0
w07uw  159.0   543.0   308.0    205.0
w08ae   80.0   364.0   120.0    128.0
w08ah   98.0   415.0   191.0    220.0
w08aw  110.0   430.0   240.0    202.0
w08eh   93.0   292.0   177.0    210.0
w08ei   90.0   364.0   120.0    136.0
w08er   68.0   340.0   125.0    120.0
w08ih  179.0   359.0   212.0    212.0
w08iy  135.0   432.0   282.0    290.0
w08oa  105.0   409.0   288.0    266.0
w08oo   97.0   307.0   143.0    142.0
w08uh  103.0   310.0   128.0    150.0
w08uw  115.0   402.0   167.0    185.0
w09ae   85.0   338.0   170.0    162.0
w09ah   67.0   349.0   123.0    110.0
w09aw  106.0   415.0   247.0    235.0
w09eh   61.0   294.0   103.0    101.0
w09ei   57.0   279.0   146.0    175.0
w09er   76.0   337.0   168.0    176.0
w09ih   57.0   275.0   117.0    136.0
w09iy   90.0   336.0   194.0    208.0
w09oa  100.0   357.0   192.0    213.0
w09oo   79.0   288.0   114.0    116.0
w09uh   98.0   291.0   173.0    181.0
w09uw   94.0   359.0   200.0    196.0
w10ae   61.0   417.0   114.0    144.0
w10ah  103.0   470.0   225.0    195.0
w10aw   64.0   480.0   176.0    208.0
w10eh   72.0   343.0   112.0    128.0
w10ei   72.0   419.0   132.0    152.0
w10er   90.0   432.0   230.0    209.0
w10ih   62.0   311.0   126.0    142.0
w10iy  107.0   431.0   282.0    251.0
w10oa   85.0   448.0   306.0    260.0
w10oo   80.0   333.0   117.0    111.0
w10uh   79.0   335.0   201.0    168.0
w10uw   78.0   429.0   240.0    179.0
w11ae   71.0   456.0   216.0    240.0
w11ah  120.0   500.0   264.0    261.0
w11aw   83.0   463.0   197.0    141.0
w11eh   82.0   399.0   216.0    181.0
w11ei   66.0   479.0   152.0    183.0
w11er   96.0   485.0   192.0    216.0
w11ih   74.0   394.0    88.0    104.0
w11iy  102.0   535.0   365.0    342.0
w11oa  104.0   476.0   240.0    271.0
w11oo   74.0   406.0   168.0    166.0
w11uh   80.0   346.0   158.0    152.0
w11uw   71.0   448.0   126.0    159.0
w12ae  101.0   456.0   128.0    160.0
w12ah  169.0   512.0   324.0    202.0
w12aw  128.0   525.0   224.0    272.0
w12eh  116.0   350.0   219.0    212.0
w12ei  113.0   442.0   160.0    176.0
w12er  131.0   479.0   228.0    239.0
w12ih  118.0   364.0   160.0    168.0
w12iy  133.0   492.0   343.0    352.0
w12oa  136.0   455.0   192.0    240.0
w12oo  128.0   417.0   183.0    160.0
w12uh  106.0   354.0   143.0    146.0
w12uw  148.0   448.0   295.0    287.0
w13ae   82.0   397.0   127.0    139.0
w13ah  124.0   453.0   199.0    237.0
w13aw  133.0   496.0   160.0    200.0
w13eh  109.0   340.0   237.0    265.0
w13ei   97.0   415.0   144.0    168.0
w13er  105.0   380.0   181.0    225.0
w13ih   86.0   305.0   199.0    191.0
w13iy  168.0   504.0   322.0    308.0
w13oa   93.0   408.0   136.0    152.0
w13oo   71.0   298.0    96.0    105.0
w13uh  117.0   338.0   166.0    180.0
w13uw   67.0   365.0   279.0    250.0
w14ae   76.0   348.0   144.0    160.0
w14ah  120.0   395.0   170.0    180.0
w14aw  114.0   380.0   130.0    137.0
w14eh   99.0   340.0   127.0    162.0
w14ei  130.0   360.0   173.0    179.0
w14er  145.0   412.0   231.0    232.0
w14ih  112.0   321.0   193.0    185.0
w14iy   79.0   340.0   112.0    136.0
w14oa  138.0   402.0   209.0    201.0
w14oo  116.0   343.0   149.0    141.0
w14uh  129.0   335.0   206.0    205.0
w14uw  144.0   385.0   208.0    187.0
w15ae  116.0   516.0   216.0    224.0
w15ah  156.0   496.0   276.0    314.0
w15aw  185.0   579.0   235.0    226.0
w15eh  170.0   387.0   302.0    297.0
w15ei  156.0   481.0   208.0    210.0
w15er  137.0   492.0   283.0    293.0
w15ih  113.0   331.0   171.0    183.0
w15iy  206.0   527.0   410.0    360.0
w15oa  183.0   540.0   418.0    402.0
w15oo  143.0   383.0   174.0    187.0
w15uh  143.0   431.0   229.0    245.0
w15uw  143.0   441.0   264.0    280.0
w16ae  164.0   520.0   192.0    208.0
w16ah  147.0   452.0   272.0    229.0
w16aw  149.0   491.0   304.0    331.0
w16eh  149.0   402.0   297.0    254.0
w16ei  141.0   477.0   224.0    240.0
w16er  136.0   431.0   209.0    219.0
w16ih  143.0   433.0   200.0    208.0
w16iy  126.0   404.0   220.0    222.0
w16oa  135.0   481.0   243.0    235.0
w16oo  143.0   416.0   199.0    168.0
w16uh  143.0   393.0   204.0    206.0
w16uw  128.0   396.0   264.0    241.0
w17ae  116.0   439.0   248.0    222.0
w17ah  103.0   370.0   155.0    168.0
w17aw  124.0   465.0   308.0    294.0
w17eh  128.0   316.0   219.0    197.0
w17ei  144.0   405.0   200.0    176.0
w17er  107.0   415.0   212.0    198.0
w17ih  113.0   316.0   152.0    168.0
w17iy  134.0   374.0   216.0    231.0
w17oa  138.0   436.0   199.0    224.0
w17oo  131.0   333.0   163.0    156.0
w17uh  128.0   311.0   144.0    160.0
w17uw  125.0   391.0   265.0    248.0
w19ae  149.0   512.0   248.0    264.0
w19ah  129.0   445.0   285.0    267.0
w19aw  118.0   445.0   168.0    226.0
w19eh  158.0   475.0   341.0    289.0
w19ei  128.0   462.0   235.0    162.0
w19er  136.0   455.0   273.0    292.0
w19ih  127.0   383.0   168.0    176.0
w19iy   96.0   398.0   291.0    259.0
w19oa  149.0   489.0   272.0    181.0
w19oo  117.0   449.0   185.0    200.0
w19uh  108.0   394.0   247.0    208.0
w19uw   96.0   389.0   243.0    217.0
w20ae  199.0   506.0   272.0    288.0
w20ah  138.0   503.0   230.0    265.0
w20aw  149.0   493.0   319.0    283.0
w20eh  188.0   451.0   287.0    283.0
w20ei   96.0   401.0   179.0    183.0
w20er  164.0   489.0   373.0    354.0
w20ih  190.0   430.0   232.0    253.0
w20iy  176.0   463.0   337.0    336.0
w20oa  191.0   508.0   420.0    343.0
w20oo  184.0   485.0   211.0    251.0
w20uh  128.0   377.0   160.0    184.0
w20uw  132.0   415.0   321.0    303.0
w21ae  145.0   527.0   220.0    201.0
w21ah  114.0   516.0   288.0    312.0
w21aw  141.0   606.0   243.0    243.0
w21eh  128.0   409.0   202.0    188.0
w21ei  139.0   485.0   176.0    184.0
w21er  153.0   523.0   396.0    379.0
w21ih  147.0   492.0   256.0    288.0
w21iy  155.0   508.0   319.0    350.0
w21oa  168.0   542.0   414.0    391.0
w21oo  170.0   540.0   233.0    226.0
w21uh  191.0   521.0   240.0    256.0
w21uw  164.0   542.0   252.0    229.0
w22ae  101.0   439.0   145.0    160.0
w22ah  189.0   539.0   333.0    343.0
w22aw  128.0   446.0   252.0    268.0
w22eh  153.0   392.0   184.0    192.0
w22ei  156.0   425.0   184.0    208.0
w22er  135.0   414.0   195.0    172.0
w22ih   92.0   263.0   113.0    133.0
w22iy  116.0   420.0   218.0    190.0
w22oa  158.0   492.0   206.0    204.0
w22oo   79.0   349.0    99.0    121.0
w22uh  105.0   314.0   184.0    200.0
w22uw   94.0   404.0   239.0    229.0
w23ae  149.0   514.0   176.0    228.0
w23ah  128.0   457.0   232.0    248.0
w23aw  120.0   482.0   233.0    195.0
w23eh  121.0   415.0   232.0    256.0
w23ei   91.0   433.0   112.0    128.0
w23er   96.0   441.0   216.0    240.0
w23ih   88.0   315.0   216.0    148.0
w23iy  120.0   427.0   216.0    232.0
w23oa   89.0   434.0   285.0    240.0
w23oo   77.0   285.0    91.0    110.0
w23uh  110.0   330.0   179.0    169.0
w23uw   92.0   455.0   235.0    260.0
w24ae   85.0   416.0   176.0    192.0
w24ah  127.0   430.0   220.0    206.0
w24aw  126.0   492.0   316.0    329.0
w24eh  126.0   357.0   192.0    208.0
w24ei   96.0   445.0   144.0    168.0
w24er  104.0   431.0   319.0    271.0
w24ih  114.0   372.0   208.0    224.0
w24iy  126.0   460.0   318.0    324.0
w24oa  136.0   498.0   362.0    343.0
w24oo  142.0   387.0   176.0    192.0
w24uh  146.0   396.0   207.0    201.0
w24uw  110.0   437.0   312.0    241.0
w25ae  164.0   625.0   240.0    256.0
w25ah  151.0   581.0   276.0    249.0
w25aw  147.0   561.0   352.0    325.0
w25eh  139.0   525.0   316.0    289.0
w25ei  130.0   529.0   289.0    268.0
w25er  126.0   529.0   320.0    344.0
w25ih  158.0   460.0   208.0    232.0
w25iy  137.0   483.0   325.0    325.0
w25oa  130.0   573.0   240.0    256.0
w25oo  125.0   456.0   160.0    184.0
w25uh  139.0   448.0   192.0    229.0
w25uw  128.0   510.0   264.0    277.0
w26ae  170.0   516.0   364.0    304.0
w26ah  133.0   466.0   272.0    288.0
w26aw  149.0   527.0   285.0    304.0
w26eh  198.0   381.0   272.0    288.0
w26ei  151.0   571.0   368.0    391.0
w26er  120.0   460.0   276.0    276.0
w26ih  128.0   337.0   160.0    176.0
w26iy  112.0   448.0   293.0    237.0
w26oa  147.0   525.0   356.0    360.0
w26oo  152.0   323.0   217.0    195.0
w26uh  143.0   330.0   208.0    177.0
w26uw  183.0   516.0   208.0    214.0
w27ae  110.0   382.0   160.0    151.0
w27ah   96.0   380.0   144.0    160.0
w27aw  130.0   414.0   209.0    203.0
w27eh  107.0   343.0   232.0    203.0
w27ei   89.0   373.0   112.0    120.0
w27er   96.0   338.0   171.0    152.0
w27ih   80.0   277.0    96.0    104.0
w27iy  124.0   374.0   227.0    206.0
w27oa   97.0   362.0   153.0    216.0
w27oo  112.0   279.0   128.0    144.0
w27uh   98.0   293.0   160.0    137.0
w27uw   90.0   324.0   131.0    155.0
w28ae   80.0   340.0   124.0    123.0
w28ah   75.0   292.0   123.0    142.0
w28aw   67.0   329.0   156.0    143.0
w28eh   87.0   264.0   120.0    144.0
w28ei   76.0   307.0   113.0    106.0
w28er   51.0   274.0   155.0    136.0
w28ih   54.0   221.0    72.0     80.0
w28iy  108.0   330.0   219.0    229.0
w28oa  103.0   328.0   129.0    144.0
w28oo   66.0   247.0   127.0    133.0
w28uh   95.0   289.0   127.0    141.0
w28uw  117.0   299.0   200.0    216.0
w29ae  114.0   447.0   190.0    208.0
w29ah  102.0   405.0   120.0    136.0
w29aw  131.0   458.0   184.0    208.0
w29eh   62.0   255.0    80.0     92.0
w29ei   85.0   365.0   144.0    168.0
w29er  180.0   491.0   238.0    216.0
w29ih   83.0   302.0   120.0    128.0
w29iy  112.0   396.0   176.0    178.0
w29oa  169.0   454.0   224.0    220.0
w29oo  103.0   308.0   155.0    147.0
w29uh   68.0   268.0    94.0    120.0
w29uw  137.0   411.0   169.0    188.0
w30ae   98.0   408.0   145.0    155.0
w30ah  120.0   413.0   150.0    184.0
w30aw   98.0   417.0   129.0    146.0
w30eh  108.0   329.0   124.0    167.0
w30ei   89.0   402.0   310.0    295.0
w30er   96.0   428.0   170.0    182.0
w30ih  104.0   312.0   136.0    152.0
w30iy  117.0   423.0   277.0    276.0
w30oa  117.0   430.0   133.0    169.0
w30oo   96.0   312.0   144.0    175.0
w30uh   95.0   303.0   130.0    157.0
w30uw   95.0   369.0   168.0    232.0
w31ae   99.0   463.0   128.0    144.0
w31ah  108.0   423.0   240.0    246.0
w31aw  141.0   525.0   315.0    264.0
w31eh  191.0   439.0   232.0    264.0
w31ei   88.0   426.0   198.0    216.0
w31er  152.0   487.0   255.0    245.0
w31ih  218.0   479.0   247.0    272.0
w31iy  139.0   455.0   185.0    212.0
w31oa  104.0   467.0   212.0    241.0
w31oo  131.0   376.0   160.0    176.0
w31uh  122.0   321.0   140.0    176.0
w31uw   87.0   364.0   184.0    122.0
w32ae   72.0   311.0   104.0    112.0
w32ah  179.0   419.0   248.0    264.0
w32aw  121.0   408.0   195.0    210.0
w32eh  124.0   315.0   200.0    196.0
w32ei  103.0   380.0   182.0    180.0
w32er   96.0   368.0   168.0    184.0
w32ih   86.0   299.0   148.0    143.0
w32iy  119.0   380.0   192.0    224.0
w32oa   92.0   331.0   241.0    232.0
w32oo  100.0   283.0   148.0    128.0
w32uh  119.0   343.0   163.0    156.0
w32uw  142.0   384.0   201.0    183.0
w33ae  102.0   363.0   129.0    141.0
w33ah  122.0   405.0   164.0    201.0
w33aw  137.0   465.0   171.0    199.0
w33eh  106.0   300.0   176.0    192.0
w33ei  111.0   407.0   224.0    256.0
w33er  134.0   479.0   214.0    245.0
w33ih   76.0   303.0   154.0    193.0
w33iy  131.0   388.0   170.0    182.0
w33oa  120.0   397.0   261.0    259.0
w33oo  128.0   315.0   142.0    168.0
w33uh   95.0   288.0   104.0    112.0
w33uw  123.0   414.0   235.0    247.0
w34ae  125.0   402.0   140.0    147.0
w34ah  116.0   363.0   178.0    217.0
w34aw  144.0   397.0   168.0    184.0
w34eh  173.0   352.0   231.0    243.0
w34ei  142.0   409.0   284.0    282.0
w34er  123.0   363.0   217.0    200.0
w34ih  112.0   287.0   139.0    162.0
w34iy  141.0   377.0   227.0    256.0
w34oa  172.0   426.0   315.0    284.0
w34oo  155.0   342.0   181.0    197.0
w34uh  120.0   284.0   144.0    148.0
w34uw  142.0   386.0   282.0    295.0
w35ae  126.0   454.0   151.0    161.0
w35ah  156.0   466.0   233.0    260.0
w35aw  204.0   535.0   300.0    310.0
w35eh  136.0   359.0   254.0    262.0
w35ei  154.0   468.0   219.0    224.0
w35er  170.0   470.0   245.0    239.0
w35ih  142.0   318.0   160.0    168.0
w35iy  157.0   433.0   326.0    299.0
w35oa  128.0   437.0   209.0    199.0
w35oo  187.0   390.0   236.0    263.0
w35uh  144.0   359.0   215.0    214.0
w35uw  133.0   427.0   149.0    168.0
w36ae  141.0   554.0   218.0    218.0
w36ah  149.0   604.0   185.0    228.0
w36aw  193.0   615.0   331.0    383.0
w36eh  180.0   548.0   212.0    237.0
w36ei  158.0   560.0   228.0    256.0
w36er  187.0   625.0   344.0    392.0
w36ih  155.0   508.0   385.0    395.0
w36iy  153.0   477.0   312.0    377.0
w36oa  143.0   483.0   277.0    295.0
w36oo  164.0   492.0   216.0    248.0
w36uh  170.0   535.0   224.0    248.0
w36uw  155.0   560.0   208.0    224.0
w37ae  143.0   548.0   260.0    274.0
w37ah  189.0   608.0   348.0    335.0
w37aw  120.0   533.0   223.0    236.0
w37eh  226.0   569.0   435.0    433.0
w37ei  149.0   516.0   292.0    256.0
w37er  206.0   577.0   348.0    323.0
w37ih  145.0   508.0   184.0    200.0
w37iy  160.0   556.0   439.0    387.0
w37oa  130.0   536.0   272.0    296.0
w37oo  120.0   453.0   143.0    172.0
w37uh  160.0   485.0   251.0    231.0
w37uw  156.0   562.0   272.0    297.0
w38ae  103.0   397.0   152.0    162.0
w38ah  109.0   445.0   200.0    216.0
w38aw  137.0   464.0   189.0    208.0
w38eh   96.0   364.0   278.0    257.0
w38ei   71.0   381.0   103.0    115.0
w38er   95.0   398.0   176.0    149.0
w38ih   97.0   336.0   152.0    173.0
w38iy  149.0   425.0   363.0    380.0
w38oa   89.0   385.0   173.0    145.0
w38oo   82.0   333.0   112.0    120.0
w38uh  102.0   316.0   121.0    159.0
w38uw  106.0   383.0   265.0    217.0
w39ae  166.0   531.0   222.0    243.0
w39ah  204.0   542.0   312.0    287.0
w39aw  181.0   550.0   377.0    354.0
w39eh  195.0   454.0   226.0    251.0
w39ei  160.0   504.0   272.0    296.0
w39er  162.0   502.0   300.0    325.0
w39ih  140.0   387.0   160.0    168.0
w39iy  178.0   516.0   333.0    364.0
w39oa  149.0   502.0   358.0    333.0
w39oo  149.0   385.0   240.0    217.0
w39uh  172.0   405.0   260.0    263.0
w39uw  132.0   398.0   288.0    253.0
w40ae  142.0   443.0   176.0    185.0
w40ah  144.0   441.0   206.0    257.0
w40aw  166.0   469.0   185.0    203.0
w40eh  146.0   383.0   259.0    284.0
w40ei  169.0   465.0   200.0    208.0
w40er  156.0   460.0   252.0    285.0
w40ih  136.0   363.0   176.0    192.0
w40iy  160.0   431.0   254.0    268.0
w40oa  155.0   460.0   335.0    322.0
w40oo  186.0   419.0   232.0    256.0
w40uh  154.0   387.0   206.0    195.0
w40uw  189.0   485.0   249.0    272.0
w41ae  109.0   410.0   128.0    152.0
w41ah  145.0   443.0   245.0    176.0
w41aw  141.0   473.0   233.0    254.0
w41eh  118.0   321.0   160.0    162.0
w41ei  119.0   417.0   152.0    160.0
w41er  153.0   415.0   237.0    240.0
w41ih  109.0   309.0   160.0    168.0
w41iy  135.0   398.0   312.0    319.0
w41oa  119.0   407.0   310.0    288.0
w41oo  147.0   364.0   164.0    177.0
w41uh  115.0   316.0   130.0    157.0
w41uw  135.0   370.0   213.0    240.0
w42ae  112.0   424.0   128.0    173.0
w42ah  125.0   393.0   225.0    247.0
w42aw  126.0   513.0   171.0    192.0
w42eh  103.0   353.0   234.0    255.0
w42ei   54.0   397.0   112.0    128.0
w42er   53.0   384.0   192.0    197.0
w42ih   83.0   253.0   104.0    147.0
w42iy  156.0   532.0   316.0    335.0
w42oa   72.0   390.0   262.0    266.0
w42oo   84.0   330.0   105.0    128.0
w42uh  104.0   260.0   120.0    128.0
w42uw   70.0   342.0   216.0    217.0
w44ae  122.0   475.0   164.0    174.0
w44ah  120.0   460.0   174.0    178.0
w44aw  122.0   512.0   220.0    191.0
w44eh  118.0   373.0   218.0    226.0
w44ei  134.0   434.0   189.0    207.0
w44er  124.0   443.0   274.0    258.0
w44ih  118.0   384.0   155.0    178.0
w44iy  203.0   571.0   400.0    412.0
w44oa  126.0   473.0   299.0    316.0
w44oo  138.0   380.0   202.0    220.0
w44uh  118.0   369.0   155.0    194.0
w44uw  139.0   485.0   201.0    287.0
w45ae  127.0   460.0   161.0    187.0
w45ah  101.0   413.0   199.0    203.0
w45aw  115.0   466.0   248.0    192.0
w45eh  108.0   355.0   232.0    240.0
w45ei  107.0   426.0   217.0    214.0
w45er   86.0   396.0   216.0    197.0
w45ih  127.0   414.0   176.0    200.0
w45iy   97.0   423.0   160.0    186.0
w45oa   90.0   413.0   192.0    189.0
w45oo  103.0   342.0   120.0    137.0
w45uh  108.0   382.0   189.0    186.0
w45uw  119.0   459.0   307.0    312.0
w46ae  120.0   485.0   144.0    164.0
w46ah  100.0   434.0   115.0    144.0
w46aw   87.0   483.0   128.0    160.0
w46eh  101.0   385.0   187.0    186.0
w46ei  112.0   489.0   160.0    176.0
w46er  132.0   514.0   297.0    272.0
w46ih   76.0   328.0   126.0    146.0
w46iy  125.0   441.0   228.0    228.0
w46oa  128.0   478.0   156.0    194.0
w46oo  101.0   366.0   112.0    172.0
w46uh  122.0   322.0   144.0    162.0
w46uw  110.0   412.0   183.0    171.0
w47ae  113.0   440.0   192.0    208.0
w47ah  149.0   451.0   299.0    300.0
w47aw  125.0   435.0   247.0    263.0
w47eh   74.0   318.0   192.0    190.0
w47ei  160.0   473.0   240.0    239.0
w47er  110.0   437.0   183.0    212.0
w47ih   86.0   294.0   136.0    144.0
w47iy  144.0   480.0   336.0    312.0
w47oa  124.0   504.0   200.0    174.0
w47oo   83.0   314.0   109.0    119.0
w47uh  135.0   341.0   231.0    212.0
w47uw  148.0   420.0   243.0    231.0
w48ae   64.0   374.0    94.0    107.0
w48ah  133.0   479.0   306.0    226.0
w48aw   77.0   432.0   172.0    143.0
w48eh  110.0   354.0   219.0    223.0
w48ei   93.0   402.0   184.0    162.0
w48er  101.0   447.0   155.0    152.0
w48ih   78.0   287.0    96.0    110.0
w48iy  110.0   389.0   195.0    254.0
w48oa   82.0   364.0   171.0    168.0
w48oo   93.0   332.0   120.0    145.0
w48uh   83.0   291.0   153.0    164.0
w48uw   77.0   342.0   227.0    222.0
w49ae   84.0   403.0   136.0    160.0
w49ah  151.0   477.0   201.0    252.0
w49aw  130.0   448.0   174.0    182.0
w49eh  131.0   352.0   152.0    168.0
w49ei   86.0   391.0   171.0    154.0
w49er  107.0   408.0   282.0    310.0
w49ih   75.0   291.0   115.0    132.0
w49iy  145.0   435.0   176.0    200.0
w49oa  114.0   429.0   174.0    184.0
w49oo   95.0   312.0   101.0    120.0
w49uh  129.0   344.0   138.0    152.0
w49uw   91.0   339.0   108.0    120.0
w50ae   91.0   448.0   167.0    176.0
w50ah  112.0   469.0   193.0    162.0
w50aw   89.0   450.0   138.0    166.0
w50eh   84.0   354.0   265.0    251.0
w50ei   78.0   439.0   112.0    128.0
w50er   89.0   445.0   256.0    296.0
w50ih   96.0   341.0   128.0    136.0
w50iy   94.0   408.0   253.0    269.0
w50oa   80.0   441.0   132.0    145.0
w50oo   78.0   351.0   128.0    152.0
w50uh   96.0   358.0   168.0    185.0
w50uw  109.0   417.0   161.0    156.0