b01ae   72.0   329.0   116.0    115.0
b01ah   88.0   300.0   143.0    144.0
b01aw   81.0   323.0   130.0    152.0
b01eh   89.0   273.0   167.0    170.0
b01ei   72.0   294.0   160.0    133.0
b01er   86.0   313.0   166.0    180.0
b01ih   81.0   278.0   112.0    157.0
b01iy  120.0   357.0   188.0    184.0
b01oa   72.0   339.0   101.0    128.0
b01oo   81.0   265.0   145.0    127.0
b01uh   53.0   258.0    90.0     80.0
b01uw   71.0   324.0   166.0    120.0
b02ae  110.0   469.0   280.0    243.0
b02ah  151.0   479.0   243.0    310.0
b02aw  254.0   581.0   375.0    306.0
b02eh  147.0   342.0   190.0    193.0
b02ei  201.0   525.0   224.0    270.0
b02er  128.0   523.0   308.0    329.0
b02ih  181.0   420.0   232.0    248.0
b02iy   87.0   404.0   185.0    195.0
b02oa  156.0   492.0   254.0    228.0
b02oo  124.0   377.0   162.0    204.0
b02uh  168.0   329.0   181.0    197.0
b02uw  112.0   439.0   191.0    196.0
b03ae  106.0   441.0   136.0    146.0
b03ah  132.0   430.0   211.0    206.0
b03aw   77.0   411.0   216.0    212.0
b03eh  166.0   426.0   280.0    256.0
b03ei  110.0   396.0   145.0    180.0
b03er   96.0   376.0   195.0    189.0
b03ih  148.0   432.0   294.0    251.0
b03iy  110.0   387.0   137.0    144.0
b03oa  115.0   425.0   248.0    216.0
b03oo  114.0   361.0   218.0    220.0
b03uh   72.0   298.0   129.0    129.0
b03uw   74.0   378.0   165.0    171.0
b04ae  141.0   539.0   224.0    249.0
b04ah  137.0   494.0   228.0    232.0
b04aw  184.0   488.0   266.0    294.0
b04eh  180.0   544.0   279.0    264.0
b04ei   99.0   422.0   188.0    182.0
b04er  123.0   509.0   312.0    268.0
b04ih  124.0   392.0   169.0    207.0
b04iy  166.0   484.0   225.0    235.0
b04oa  220.0   542.0   304.0    320.0
b04oo  131.0   474.0   191.0    194.0
b04uh  146.0   439.0   181.0    208.0
b04uw  164.0   456.0   296.0    288.0
b05ae   94.0   361.0   132.0    157.0
b05ah   63.0   333.0    90.0     88.0
b05aw   70.0   306.0    96.0    117.0
b05eh   68.0   275.0   126.0    123.0
b05ei   82.0   329.0   160.0    136.0
b05er   63.0   291.0   105.0     98.0
b05ih   79.0   288.0   104.0    112.0
b05iy  154.0   396.0   210.0    216.0
b05oa   65.0   312.0   121.0    132.0
b05oo   75.0   272.0   136.0    120.0
b05uh   57.0   207.0    83.0     84.0
b05uw  160.0   420.0   256.0    277.0
b07ae  115.0   438.0   143.0    168.0
b07ah  101.0   395.0   263.0    248.0
b07aw  151.0   529.0   214.0    245.0
b07eh  120.0   392.0   208.0    240.0
b07ei  114.0   475.0   288.0    288.0
b07er  108.0   483.0   312.0    333.0
b07ih  105.0   373.0   311.0    285.0
b07iy  112.0   422.0   282.0    307.0
b07oa   97.0   408.0   216.0    212.0
b07oo   92.0   373.0   255.0    226.0
b07uh  103.0   413.0   152.0    160.0
b07uw  180.0   483.0   272.0    245.0
b08ae  161.0   477.0   280.0    296.0
b08ah  176.0   516.0   232.0    244.0
b08aw  268.0   621.0   372.0    393.0
b08eh  198.0   333.0   276.0    254.0
b08ei  156.0   441.0   168.0    184.0
b08er  160.0   421.0   280.0    259.0
b08ih  236.0   441.0   259.0    280.0
b08iy  223.0   464.0   324.0    324.0
b08oa  203.0   544.0   336.0    376.0
b08oo  202.0   402.0   233.0    244.0
b08uh  178.0   420.0   221.0    202.0
b08uw  222.0   484.0   300.0    303.0
b09ae  135.0   380.0   184.0    189.0
b09ah  148.0   433.0   187.0    195.0
b09aw  137.0   450.0   210.0    244.0
b09eh  130.0   323.0   192.0    215.0
b09ei  126.0   384.0   149.0    155.0
b09er  149.0   411.0   235.0    226.0
b09ih  158.0   390.0   279.0    256.0
b09iy   84.0   380.0   120.0    128.0
b09oa  115.0   325.0   173.0    168.0
b09oo  223.0   445.0   298.0    288.0
b09uh  220.0   448.0   269.0    271.0
b09uw  121.0   332.0   227.0    210.0
b10ae  158.0   554.0   272.0    304.0
b10ah  181.0   594.0   294.0    260.0
b10aw  145.0   461.0   249.0    220.0
b10eh  144.0   378.0   255.0    234.0
b10ei  136.0   450.0   192.0    192.0
b10er  164.0   490.0   234.0    211.0
b10ih  142.0   405.0   257.0    252.0
b10iy  160.0   426.0   320.0    254.0
b10oa  109.0   425.0   176.0    170.0
b10oo  153.0   412.0   258.0    261.0
b10uh  163.0   411.0   191.0    192.0
b10uw  133.0   408.0   176.0    178.0
b11ae  103.0   401.0   139.0    162.0
b11ah  116.0   398.0   163.0    186.0
b11aw  122.0   453.0   218.0    170.0
b11eh   89.0   371.0   168.0    170.0
b11ei  162.0   471.0   168.0    176.0
b11er  100.0   422.0   152.0    159.0
b11ih   93.0   320.0   200.0    231.0
b11iy  117.0   371.0   220.0    209.0
b11oa   85.0   355.0   209.0    212.0
b11oo   94.0   365.0   177.0    158.0
b11uh  129.0   395.0   154.0    171.0
b11uw  113.0   359.0   251.0    179.0
b12ae  116.0   531.0   220.0    239.0
b12ah  108.0   533.0   268.0    212.0
b12aw  108.0   477.0   175.0    151.0
b12eh  114.0   477.0   241.0    174.0
b12ei  114.0   471.0   144.0    160.0
b12er  126.0   492.0   325.0    289.0
b12ih  118.0   423.0   299.0    306.0
b12iy   99.0   448.0   291.0    270.0
b12oa  126.0   529.0   267.0    260.0
b12oo  138.0   463.0   196.0    192.0
b12uh  114.0   412.0   172.0    164.0
b12uw  137.0   450.0   187.0    185.0
b13ae  112.0   393.0   144.0    151.0
b13ah  135.0   408.0   201.0    214.0
b13aw  117.0   439.0   209.0    207.0
b13eh   78.0   336.0   112.0    134.0
b13ei   95.0   375.0   133.0    141.0
b13er  113.0   368.0   263.0    265.0
b13ih  117.0   370.0   128.0    152.0
b13iy   89.0   323.0   122.0    147.0
b13oa   72.0   331.0   160.0    146.0
b13oo  133.0   377.0   177.0    161.0
b13uh  160.0   410.0   209.0    209.0
b13uw  127.0   360.0   213.0    258.0
b14ae  114.0   428.0   210.0    191.0
b14ah  104.0   367.0   181.0    175.0
b14aw  115.0   358.0   202.0    166.0
b14eh  113.0   281.0   152.0    168.0
b14ei  145.0   405.0   168.0    176.0
b14er  108.0   391.0   289.0    270.0
b14ih   90.0   267.0   104.0    112.0
b14iy  148.0   475.0   320.0    257.0
b14oa   71.0   334.0   128.0    101.0
b14oo   93.0   272.0   104.0    114.0
b14uh  140.0   355.0   160.0    181.0
b14uw  130.0   393.0   285.0    233.0
b15ae  116.0   498.0   153.0    178.0
b15ah   97.0   437.0   360.0    302.0
b15aw   76.0   388.0   128.0    117.0
b15eh   92.0   404.0   246.0    204.0
b15ei  128.0   510.0   180.0    170.0
b15er  141.0   512.0   272.0    312.0
b15ih   94.0   349.0   152.0    126.0
b15iy  109.0   438.0   139.0    180.0
b15oa   95.0   489.0   366.0    260.0
b15oo  139.0   468.0   258.0    208.0
b15uh  103.0   410.0   254.0    203.0
b15uw  119.0   443.0   337.0    260.0
b16ae   86.0   453.0   151.0    168.0
b16ah  117.0   481.0   242.0    225.0
b16aw  160.0   527.0   254.0    247.0
b16eh  136.0   427.0   240.0    288.0
b16ei  156.0   502.0   239.0    247.0
b16er  143.0   477.0   329.0    344.0
b16ih  155.0   445.0   270.0    304.0
b16iy  139.0   463.0   345.0    336.0
b16oa  143.0   458.0   341.0    335.0
b16oo  106.0   367.0   160.0    179.0
b16uh  102.0   402.0   159.0    175.0
b16uw   96.0   370.0   259.0    230.0
b17ae  106.0   458.0   145.0    192.0
b17ah   72.0   399.0   116.0    175.0
b17aw   72.0   387.0   195.0    165.0
b17eh   89.0   278.0   119.0    110.0
b17ei   84.0   329.0   160.0    179.0
b17er  109.0   413.0   130.0    142.0
b17ih  122.0   398.0   180.0    158.0
b17iy   92.0   423.0   195.0    163.0
b17oa   85.0   375.0   196.0    165.0
b17oo   84.0   331.0   104.0    120.0
b17uh   67.0   306.0    82.0     87.0
b17uw  108.0   336.0   238.0    194.0
b18ae   94.0   401.0   136.0    154.0
b18ah  116.0   397.0   203.0    204.0
b18aw  105.0   374.0   223.0    211.0
b18eh  111.0   306.0   166.0    180.0
b18ei   86.0   351.0   140.0    144.0
b18er   95.0   399.0   235.0    211.0
b18ih   88.0   284.0   159.0    155.0
b18iy   96.0   365.0   285.0    220.0
b18oa   94.0   354.0   235.0    179.0
b18oo  114.0   303.0   160.0    167.0
b18uh  107.0   340.0   142.0    168.0
b18uw  111.0   380.0   241.0    212.0
b19ae   74.0   386.0   112.0    128.0
b19ah  100.0   392.0   182.0    188.0
b19aw   80.0   374.0   128.0    144.0
b19eh   91.0   318.0   120.0    135.0
b19ei   57.0   342.0    80.0     88.0
b19er   79.0   357.0   220.0    183.0
b19ih   57.0   320.0   104.0    120.0
b19iy   76.0   364.0   236.0    225.0
b19oa   68.0   403.0   325.0    234.0
b19oo   58.0   352.0    96.0    112.0
b19uh   69.0   310.0   130.0    109.0
b19uw   62.0   332.0   238.0    219.0
b21ae  106.0   458.0   151.0    176.0
b21ah  147.0   510.0   243.0    268.0
b21aw  106.0   482.0   256.0    241.0
b21eh  141.0   415.0   216.0    261.0
b21ei  139.0   604.0   293.0    308.0
b21er  128.0   506.0   328.0    329.0
b21ih  101.0   401.0   128.0    144.0
b21iy  108.0   506.0   327.0    322.0
b21oa  118.0   515.0   214.0    218.0
b21oo   72.0   342.0   183.0    195.0
b21uh   66.0   320.0   159.0    158.0
b21uw  124.0   444.0   266.0    249.0
b22ae  150.0   406.0   216.0    240.0
b22ah   99.0   449.0   135.0    147.8
b22aw  133.0   517.0   208.0    188.2
b22eh  120.0   332.0   148.0    149.8
b22ei  115.0   437.0   176.0    154.6
b22er  120.0   456.0   157.0    155.5
b22ih  107.0   294.0   129.0    135.4
b22iy  133.0   458.0   168.0    170.9
b22oa  147.0   517.0   297.0    193.9
b22oo  120.0   352.0   161.0    175.7
b22uh  181.0   477.0   238.0    226.6
b22uw  162.0   405.0   220.0    191.0
b23ae  154.0   500.0   188.0    192.0
b23ah  133.0   425.0   186.0    182.4
b23aw  168.0   481.0   229.0    203.5
b23eh  162.0   400.0   204.0    189.1
b23ei  108.0   444.0   157.0    152.6
b23er  143.0   475.0   307.0    205.4
b23ih  131.0   336.0   176.0    174.7
b23iy  139.0   416.0   204.0    264.0
b23oa  137.0   451.0   294.0    312.0
b23oo  118.0   324.0   150.0    155.5
b23uh  103.0   322.0   138.0    162.2
b23uw  127.0   378.0   172.0    184.0
b24ae  120.0   336.0   172.0    160.0
b24ah  119.0   357.0   164.0    144.0
b24aw  114.0   310.0   176.0    145.9
b24eh   99.0   264.0   136.0    131.5
b24ei   89.0   288.0   133.0    134.4
b24er  124.0   394.0   167.0    148.8
b24ih  104.0   241.0   118.0    124.8
b24iy  117.0   322.0   131.0    150.7
b24oa  116.0   332.0   176.0    153.6
b24oo   87.0   256.0   107.0    109.4
b24uh  117.0   275.0   139.0    144.0
b24uw  106.0   320.0   144.0    122.9
b25ae  191.0   475.0   222.0    224.6
b25ah  155.0   450.0   224.0    217.0
b25aw  115.0   455.0   179.0    146.9
b25eh  113.0   328.0   144.0    156.5
b25ei  112.0   406.0   236.0    153.6
b25er  128.0   405.0   198.0    161.3
b25ih  121.0   370.0   168.0    155.5
b25iy  197.0   506.0   230.0    240.0
b25oa  111.0   403.0   154.0    132.5
b25oo  153.0   407.0   194.0    183.4
b25uh  153.0   376.0   196.0    174.7
b25uw  109.0   395.0   211.0    192.0
b26ae  103.0   554.0   167.0    149.8
b26ah   83.0   397.0   191.0    144.0
b26aw   87.0   449.0   160.0    133.4
b26eh  155.0   486.0   243.0    183.4
b26ei  191.0   617.0   230.0    232.3
b26er  112.0   459.0   150.0    145.9
b26ih  142.0   458.0   160.0    168.0
b26iy  162.0   504.0   323.0    288.0
b26oa  121.0   459.0   163.0    146.9
b26oo  101.0   404.0   128.0    138.2
b26uh  117.0   409.0   200.0    136.3
b26uw  132.0   452.0   310.0    163.2
b27ae   89.0   332.0   104.0    105.6
b27ah  102.0   372.0   142.0    121.0
b27aw  103.0   353.0   127.0    126.7
b27eh   93.0   285.0   136.0    129.6
b27ei  156.0   449.0   276.0    304.0
b27er   97.0   348.0   173.0    117.1
b27ih   91.0   265.0   131.0    112.3
b27iy  114.0   355.0   171.0    136.3
b27oa  118.0   382.0   138.0    154.6
b27oo   87.0   261.0   123.0    112.3
b27uh  120.0   292.0   146.0    155.5
b27uw  117.0   350.0   228.0    192.2
b28ae  131.0   415.0   167.0    160.3
b28ah  135.0   406.0   220.0    175.7
b28aw   93.0   360.0   144.0    122.9
b28eh  133.0   343.0   169.0    157.4
b28ei  162.0   471.0   260.0    195.8
b28er  107.0   370.0   202.0    224.0
b28ih  151.0   345.0   184.0    169.9
b28iy  155.0   423.0   275.0    218.9
b28oa  119.0   412.0   178.0    163.2
b28oo  169.0   382.0   210.0    197.8
b28uh  133.0   345.0   175.0    157.4
b28uw  129.0   384.0   180.0    208.0
b29ae  127.0   418.0   200.0    169.0
b29ah  131.0   416.0   179.0    164.2
b29aw   92.0   397.0   157.0    135.4
b29eh  155.0   367.0   213.0    190.1
b29ei   86.0   375.0   104.0    112.0
b29er  101.0   491.0   232.0    264.0
b29ih  110.0   404.0   187.0    145.9
b29iy   97.0   366.0   200.0    168.0
b29oa  151.0   418.0   300.0    264.0
b29oo  114.0   335.0   172.0    154.6
b29uh  112.0   355.0   150.0    163.2
b29uw  152.0   454.0   284.0    312.5
g01ae  114.0   409.0   157.0    176.0
g01ah  114.0   390.0   174.0    200.0
g01aw  126.0   475.0   176.0    184.0
g01eh  119.0   321.0   207.0    207.0
g01ei  119.0   439.0   176.0    195.0
g01er  132.0   429.0   244.0    270.0
g01ih  114.0   347.0   170.0    180.0
g01iy  299.0   613.0   435.0    423.0
g01oa  207.0   470.0   285.0    254.0
g01oo  141.0   365.0   174.0    192.0
g01uh  132.0   332.0   150.0    155.0
g01uw  218.0   545.0   268.0    281.0
g02ae  145.0   428.0   202.0    205.0
g02ah  106.0   404.0   153.0    164.0
g02aw  111.0   360.0   152.0    176.0
g02eh  126.0   344.0   194.0    184.0
g02ei  117.0   403.0   184.0    192.0
g02er  113.0   371.0   207.0    219.0
g02ih  162.0   359.0   184.0    200.0
g02iy  114.0   362.0   164.0    225.0
g02oa  101.0   396.0   160.0    168.0
g02oo   88.0   294.0   135.0    149.0
g02uh  101.0   316.0   149.0    141.0
g02uw  180.0   416.0   224.0    229.0
g04ae  180.0   565.0   302.0    291.0
g04ah  197.0   521.0   377.0    335.0
g04aw  128.0   558.0   299.0    287.0
g04eh  194.0   471.0   270.0    248.0
g04ei  156.0   506.0   224.0    256.0
g04er  145.0   504.0   281.0    233.0
g04ih  218.0   531.0   387.0    364.0
g04iy  176.0   500.0   360.0    368.0
g04oa  170.0   550.0   333.0    341.0
g04oo  216.0   583.0   331.0    312.0
g04uh  151.0   426.0   214.0    219.0
g04uw  160.0   460.0   214.0    216.0
g05ae  108.0   564.0   239.0    266.0
g05ah  129.0   504.0   312.0    294.0
g05aw  174.0   542.0   235.0    254.0
g05eh  150.0   478.0   267.0    277.0
g05ei  164.0   485.0   192.0    208.0
g05er  128.0   476.0   201.0    227.0
g05ih  163.0   486.0   216.0    232.0
g05iy  166.0   471.0   224.0    240.0
g05oa  117.0   497.0   167.0    182.0
g05oo  117.0   492.0   168.0    184.0
g05uh  112.0   402.0   164.0    173.0
g05uw  212.0   590.0   353.0    322.0
g06ae  120.0   412.0   203.0    198.0
g06ah  142.0   417.0   223.0    206.0
g06aw  150.0   450.0   247.0    250.0
g06eh  118.0   292.0   194.0    173.0
g06ei  155.0   416.0   237.0    216.0
g06er  157.0   456.0   262.0    262.0
g06ih  152.0   302.0   160.0    176.0
g06iy  168.0   398.0   197.0    206.0
g06oa  166.0   434.0   310.0    298.0
g06oo  164.0   398.0   200.0    203.0
g06uh  162.0   380.0   185.0    198.0
g06uw  139.0   385.0   272.0    288.0
g07ae  144.0   485.0   193.0    245.0
g07ah  158.0   542.0   264.0    280.0
g07aw  127.0   469.0   305.0    326.0
g07eh  122.0   406.0   258.0    286.0
g07ei  143.0   564.0   299.0    252.0
g07er   96.0   461.0   176.0    202.0
g07ih  102.0   413.0   152.0    160.0
g07iy  110.0   496.0   239.0    220.0
g07oa  114.0   556.0   375.0    393.0
g07oo   82.0   268.0   104.0    134.0
g07uh  143.0   429.0   172.0    186.0
g07uw  183.0   550.0   266.0    287.0
g08ae  218.0   602.0   288.0    304.0
g08ah  181.0   588.0   273.0    306.0
g08aw  187.0   564.0   322.0    360.0
g08eh  179.0   473.0   216.0    250.0
g08ei  187.0   625.0   375.0    362.0
g08er  151.0   497.0   283.0    308.0
g08ih  174.0   552.0   249.0    247.0
g08iy  183.0   573.0   314.0    300.0
g08oa  170.0   479.0   243.0    300.0
g08oo  147.0   439.0   189.0    245.0
g08uh  197.0   500.0   348.0    276.0
g08uw  166.0   481.0   232.0    256.0
g09ae  125.0   507.0   280.0    281.0
g09ah  110.0   431.0   153.0    162.0
g09aw   72.0   497.0   160.0    168.0
g09eh   74.0   366.0   189.0    228.0
g09ei   59.0   423.0   183.0    152.0
g09er   77.0   490.0   146.0    203.0
g09ih   91.0   399.0   112.0    120.0
g09iy  130.0   529.0   238.0    223.0
g09oa   73.0   496.0   194.0    242.0
g09oo   78.0   362.0   121.0    161.0
g09uh   65.0   313.0   121.0    136.0
g09uw   83.0   390.0   261.0    261.0
g10ae  137.0   448.0   195.0    194.0
g10ah  109.0   391.0   168.0    176.0
g10aw   99.0   384.0   170.0    170.0
g10eh   83.0   361.0   160.0    184.0
g10ei   88.0   398.0   136.0    144.0
g10er  137.0   457.0   312.0    332.0
g10ih  168.0   409.0   210.0    217.0
g10iy  131.0   423.0   273.0    289.0
g10oa  159.0   497.0   216.0    232.0
g10oo  135.0   403.0   174.0    172.0
g10uh  107.0   329.0   138.0    141.0
g10uw  201.0   519.0   289.0    260.0
g11ae  132.0   485.0   195.0    226.0
g11ah  107.0   405.0   163.0    194.0
g11aw  153.0   533.0   260.0    293.0
g11eh  106.0   333.0   170.0    180.0
g11ei   90.0   405.0   133.0    135.0
g11er  102.0   398.0   153.0    168.0
g11ih   97.0   347.0   268.0    252.0
g11iy  166.0   448.0   260.0    364.0
g11oa  126.0   489.0   281.0    256.0
g11oo   96.0   406.0   203.0    210.0
g11uh  112.0   339.0   202.0    186.0
g11uw  145.0   469.0   299.0    272.0
g12ae   88.0   410.0   160.0    176.0
g12ah  127.0   444.0   271.0    286.0
g12aw   95.0   418.0   266.0    249.0
g12eh   88.0   338.0   228.0    203.0
g12ei  108.0   401.0   153.0    172.0
g12er  113.0   383.0   201.0    223.0
g12ih  127.0   367.0   178.0    197.0
g12iy   98.0   402.0   262.0    291.0
g12oa  163.0   400.0   281.0    260.0
g12oo   98.0   312.0   160.0    168.0
g12uh   93.0   319.0   118.0    119.0
g12uw  112.0   385.0   139.0    158.0
g13ae  172.0   473.0   243.0    272.0
g13ah  160.0   494.0   331.0    289.0
g13aw  133.0   472.0   269.0    257.0
g13eh  134.0   384.0   185.0    208.0
g13ei   89.0   434.0   168.0    176.0
g13er  139.0   427.0   170.0    186.0
g13ih   95.0   368.0   147.0    168.0
g13iy  112.0   508.0   358.0    368.0
g13oa  118.0   469.0   269.0    229.0
g13oo  108.0   377.0   168.0    192.0
g13uh  171.0   403.0   257.0    231.0
g13uw  106.0   392.0   264.0    276.0
g14ae  150.0   456.0   207.0    219.0
g14ah   98.0   406.0   222.0    204.0
g14aw  100.0   432.0   210.0    290.0
g14eh   73.0   370.0   128.0    159.0
g14ei  113.0   464.0   160.0    176.0
g14er  104.0   416.0   168.0    192.0
g14ih  164.0   475.0   195.0    198.0
g14iy   85.0   405.0   208.0    224.0
g14oa  108.0   438.0   360.0    298.0
g14oo   99.0   413.0   127.0    168.0
g14uh   85.0   344.0   136.0    140.0
g14uw   83.0   387.0   120.0    137.0
g15ae  144.0   498.0   204.0    251.0
g15ah  108.0   407.0   192.0    205.0
g15aw   83.0   443.0   197.0    232.0
g15eh  153.0   419.0   249.0    245.0
g15ei  151.0   537.0   216.0    240.0
g15er  129.0   460.0   184.0    197.0
g15ih  134.0   471.0   200.0    261.0
g15iy  147.0   504.0   274.0    256.0
g15oa   88.0   470.0   293.0    256.0
g15oo  164.0   462.0   235.0    220.0
g15uh   80.0   382.0   120.0    126.0
g15uw  111.0   479.0   314.0    248.0
g17ae   83.0   391.0   128.0    144.0
g17ah  108.0   412.0   192.0    176.8
g17aw  141.0   432.0   177.0    172.8
g17eh   78.0   282.0   104.0    121.9
g17ei   83.0   363.0   133.0    126.7
g17er   78.0   347.0   123.0    125.8
g17ih  165.0   377.0   218.0    211.2
g17iy   86.0   352.0   155.0    134.4
g17oa   80.0   342.0    96.0    114.2
g17oo  104.0   292.0   153.0    139.2
g17uh  147.0   362.0   178.0    177.6
g17uw   75.0   320.0   104.0    101.8
g18ae  149.0   466.0   198.0    182.4
g18ah  128.0   544.0   163.0    169.0
g18aw  153.0   594.0   230.0    211.2
g18eh  114.0   372.0   160.0    145.9
g18ei  128.0   453.0   168.0    168.9
g18er  163.0   450.0   240.0    256.0
g18ih  107.0   374.0   174.0    132.5
g18iy  224.0   567.0   296.0    263.0
g18oa  187.0   487.0   286.0    234.2
g18oo  104.0   315.0   151.0    135.4
g18uh  243.0   469.0   336.0    313.0
g18uw  123.0   438.0   159.0    151.7
g19ae  111.0   349.0   145.0    135.4
g19ah  114.0   334.0   145.0    145.9
g19aw  100.0   318.0   136.0    122.9
g19eh  127.0   349.0   186.0    153.6
g19ei  101.0   324.0   139.0    128.6
g19er  110.0   307.0   120.0    137.3
g19ih  108.0   276.0   140.0    149.8
g19iy  109.0   302.0   153.0    164.2
g19oa  101.0   323.0   179.0    192.0
g19oo  100.0   255.0   124.0    124.8
g19uh  115.0   299.0   140.0    142.1
g19uw  134.0   326.0   158.0    155.5
g20ae   88.0   378.0   122.9    136.3
g20ah  117.0   376.0   229.4    176.0
g20aw  120.0   394.0   178.6    141.1
g20eh  121.0   349.0   183.0    153.6
g20ei  110.0   404.0   140.2    169.9
g20er   92.0   378.0   147.0    127.7
g20ih  116.0   336.0   152.0    160.3
g20iy  126.0   369.0   265.9    232.3
g20oa   93.0   410.0   250.6    226.6
g20oo  107.0   348.0   145.9    145.9
g20uh  110.0   320.0   145.0    141.1
g20uw  104.0   352.0   132.5    128.6
g21ae  194.0   444.0   230.4    216.0
g21ah  108.0   294.0   149.8    184.3
g21aw  116.0   375.0   165.1    154.6
g21eh   94.0   321.0   172.8    144.0
g21ei  129.0   388.0   158.4    152.6
g21er  117.0   379.0   135.0    145.0
g21ih   94.0   264.0   120.0    128.0
g21iy  156.0   414.0   289.9    240.0
g21oa   95.0   341.0   168.0    121.0
g21oo   85.0   264.0   107.5    126.7
g21uh  146.0   323.0   164.2    164.2
g21uw  100.0   327.0   202.6    187.2